Epoch 30/30
41/41 [==============================] - 18s 446ms/step - loss: 0.6907 - accuracy: 0.8014 - val_loss: 0.4223 - val_accuracy: 0.8690
11/11 [==============================] - 3s 230ms/step
               precision    recall  f1-score   support

         4011       1.00      0.52      0.69        23
         4015       0.94      0.94      0.94        48
         4088       0.77      0.97      0.86        35
         4196       0.93      0.87      0.90        47
7020097009819       0.94      0.94      0.94        36
7020097026113       0.92      1.00      0.96        12
7023026089401       1.00      0.95      0.97        19
7035620058776       1.00      0.80      0.89         5
7037203626563       0.75      0.33      0.46         9
7037206100022       0.94      0.97      0.95        32
7038010009457       0.92      0.79      0.85        14
7038010013966       0.87      0.84      0.86        32
7038010021145       1.00      0.64      0.78        14
7038010054488       1.00      0.33      0.50        24
7038010068980       0.94      1.00      0.97        32
7039610000318       0.96      1.00      0.98        23
7040513000022       0.87      0.96      0.91        27
7040513001753       0.50      0.45      0.48        11
7040913336684       0.85      0.79      0.81        14
7044610874661       0.90      0.98      0.94        57
7048840205868       0.54      1.00      0.70        13
7071688004713       0.91      1.00      0.95        10
7622210410337       0.72      0.93      0.81        14
     90433917       0.75      0.67      0.71        18
     90433924       0.81      0.81      0.81        27
        94011       0.80      1.00      0.89        45

     accuracy                           0.87       641
    macro avg       0.87      0.83      0.83       641
 weighted avg       0.88      0.87      0.86       641


🧠 PLU Name Matching Accuracy:
✅ Correct: 557/641
❌ Wrong: 84/641